0.605
0.600
0.594
0.592
0.600
0.616
0.623
0.628
0.630
0.629
0.629
0.626
0.627
0.637
0.643
0.651
0.659
0.665
0.667
0.667
0.666
0.665
0.664
0.665
0.648
0.647
0.647
0.649
0.655
0.663
0.674
0.682
0.688
0.690
0.695
0.705
0.716
0.730
0.755
0.802
0.844
0.901
0.949
0.988
1.020
1.028
1.041
1.065
1.131
1.207
1.252
1.264
1.266
1.269
1.271
1.267
1.257
1.250
1.250
1.258
1.298
1.382
1.417
1.412
1.400
1.391
1.382
1.376
1.376
1.371
1.369
1.365
1.358
1.334
1.284
1.225
1.237
1.309
1.331
1.323
1.307
1.295
1.283
1.260
1.230
1.187
1.152
1.215
1.259
1.277
1.288
1.285
1.274
1.255
1.241
1.231
1.216
1.209
1.210
1.227
1.236
1.229
1.212
1.196
1.203
1.209
1.207
1.193
1.148
1.131
1.159
1.205
1.231
1.241
1.242
1.229
1.216
1.204
1.207
1.208
1.194
1.120
0.981
0.888
0.923
0.955
0.890
0.843
0.860
0.831
0.821
0.823
0.862
0.905
0.912
0.934
0.941
0.958
0.971
0.995
0.990
0.976
0.976
0.961
0.933
0.913
0.904
0.930
0.955
0.955
0.967
0.987
0.974
0.957
0.949
0.930
0.918
0.926
0.940
1.065
1.119
1.114
1.092
1.057
1.029
1.027
0.999
0.980
1.042
1.037
1.023
1.044
1.061
1.088
1.084
1.190
1.294
1.378
1.377
1.354
1.247
1.143
1.082
1.104
1.156
1.160
1.127
1.140
1.143
1.122
1.134
1.123
1.073
1.054
1.058
1.079
1.136
1.179
1.174
1.158
1.158
1.154
1.159
1.136
1.117
1.108
1.098
1.112
1.129
1.130
1.109
1.097
1.085
1.127
1.113
1.070
1.043
1.051
1.045
1.064
1.080
1.106
1.136
1.182
1.177
1.152
1.163
1.143
1.129
1.120
1.115
1.140
1.200
1.226
1.195
1.164
1.148
1.127
1.101
1.101
1.129
1.124
1.162
1.251
1.323
1.299
1.272
1.240
1.234
1.227
1.250
1.260
1.261
1.255
1.235
1.231
1.226
1.229
1.205
1.253
1.277
1.242
1.213
1.177
1.131
1.082
1.041
1.052
1.092
1.094
1.079
1.052
1.033
1.042
1.028
0.986
0.972
0.955
0.991
1.177
1.178
1.148
1.189
1.255
1.280
1.274
1.264
1.298
1.301
1.369
1.541
1.506
1.498
1.617
1.593
1.51
1.582
1.559
1.555
1.489
1.472
1.484
1.447
1.564
1.729
1.64
1.482
1.427
1.531
1.362
1.263
1.131
1.139
1.13
1.241
1.407
1.421
1.404
1.412
1.423
1.422
1.449
1.448
1.394
1.473
1.641
1.748
1.659
1.542
1.514
1.524
1.628
1.728
1.603
1.535
1.494
1.592
1.672
1.766
1.833
2.009
2.041
1.939
1.898
1.891
